"[0.00000000e+00 0.00000000e+00 3.78241129e-02 0.00000000e+00
 4.06129844e-02 1.37539031e-02 0.00000000e+00 4.43072952e-02
 1.13209710e-02 1.98657787e-03 1.17619768e-01 1.70603544e-02
 1.14596225e-02 0.00000000e+00 3.73496441e-03 0.00000000e+00
 4.26892266e-02 5.16930632e-02 2.10315976e-02 2.93910988e-02
 0.00000000e+00 0.00000000e+00 0.00000000e+00 0.00000000e+00
 0.00000000e+00 3.56045477e-02 0.00000000e+00 8.07886347e-02
 0.00000000e+00 0.00000000e+00 8.30709282e-03 2.85289269e-02
 0.00000000e+00 2.87471469e-02 0.00000000e+00 1.05769359e-01
 1.68004297e-02 3.93168703e-02 3.21547734e-03 1.01545908e-01
 0.00000000e+00 0.00000000e+00 7.40780309e-02 3.97378765e-02
 1.76492091e-02 0.00000000e+00 8.72324556e-02 0.00000000e+00
 1.93787515e-02 0.00000000e+00 0.00000000e+00 1.20428577e-02
 0.00000000e+00 0.00000000e+00 0.00000000e+00 1.03538267e-01
 3.69264670e-02 2.06015874e-02 0.00000000e+00 2.09917963e-01
 0.00000000e+00 0.00000000e+00 1.06747866e-01 7.87411407e-02
 2.92937215e-02 0.00000000e+00 2.83574201e-02 6.40690923e-02
 0.00000000e+00 0.00000000e+00 7.99003094e-02 1.13066016e-02
 0.00000000e+00 6.34432808e-02 0.00000000e+00 0.00000000e+00
 0.00000000e+00 5.57349883e-02 8.88940841e-02 1.99366417e-02
 1.91070698e-02 0.00000000e+00 1.44787788e-01 2.56397482e-02
 0.00000000e+00 0.00000000e+00 0.00000000e+00 7.33590312e-03
 0.00000000e+00 4.17287797e-02 1.75865799e-01 0.00000000e+00
 0.00000000e+00 0.00000000e+00 1.59079058e-03 0.00000000e+00
 6.96480125e-02 0.00000000e+00 0.00000000e+00 0.00000000e+00
 5.13303280e-02 0.00000000e+00 6.25940338e-02 7.55449459e-02
 8.27715266e-03 4.43936549e-02 1.87629145e-02 1.92123633e-02
 2.50418894e-02 1.33307427e-01 2.10596714e-03 1.22609966e-01
 0.00000000e+00 1.21182881e-01 3.03990338e-02 0.00000000e+00
 0.00000000e+00 1.56017423e-01 0.00000000e+00 7.16699893e-03
 1.45275488e-01 7.81995803e-02 1.13638692e-01 1.44128874e-02
 6.02857992e-02 1.92151681e-01 1.96317017e-01 1.62804306e-01
 2.34462395e-02 0.00000000e+00 0.00000000e+00 0.00000000e+00
 8.18251446e-02 1.39720827e-01 8.66065845e-02 3.02348007e-02
 1.26072496e-01 1.21411225e-02 1.77928537e-01 6.13495484e-02
 0.00000000e+00 7.34033808e-03 9.84916463e-02 3.05238720e-02
 5.21032587e-02 1.01965917e-02 2.14996412e-01 0.00000000e+00
 1.07338935e-01 1.21300211e-02 1.57928795e-01 4.60338928e-02
 0.00000000e+00 3.50429788e-02 4.77564260e-02 1.52615219e-01
 0.00000000e+00 0.00000000e+00 1.15655269e-02 3.07968076e-05
 1.54294148e-02 0.00000000e+00 6.09699897e-02 3.52527425e-02
 6.63220361e-02 1.63686857e-01 6.67295083e-02 2.30465587e-02
 9.93355587e-02 9.62501615e-02 0.00000000e+00 0.00000000e+00
 0.00000000e+00 2.15557944e-02 0.00000000e+00 8.38823915e-02
 4.03378421e-04 9.41793099e-02 6.95456341e-02 1.96979865e-02
 7.65953436e-02 2.59248912e-02 9.52956174e-03 3.60051505e-02
 2.22826805e-02 0.00000000e+00 0.00000000e+00 4.57823277e-02
 0.00000000e+00 0.00000000e+00 2.12529618e-02 4.23040912e-02
 0.00000000e+00 1.13942213e-01 0.00000000e+00 0.00000000e+00
 6.27870485e-02 6.78491816e-02 5.68630323e-02 5.30365147e-02
 1.13422252e-01 3.15835737e-02 0.00000000e+00 5.23122353e-03
 0.00000000e+00 0.00000000e+00 0.00000000e+00 1.21371411e-01
 9.57582518e-02 0.00000000e+00 0.00000000e+00 5.67381233e-02
 1.93752255e-02 6.04541898e-02 6.41306266e-02 0.00000000e+00
 0.00000000e+00 8.64991546e-02 6.42450973e-02 0.00000000e+00
 2.42120530e-02 7.69246295e-02 0.00000000e+00 0.00000000e+00
 3.23967040e-02 7.46180490e-02 5.88692278e-02 1.99189857e-02
 0.00000000e+00 0.00000000e+00 8.58130977e-02 0.00000000e+00
 7.31234113e-03 0.00000000e+00 0.00000000e+00 2.43852392e-01
 4.63430025e-02 3.65586057e-02 7.14619234e-02 4.24978659e-02
 5.08972779e-02 8.15209299e-02 0.00000000e+00 2.44065654e-02
 0.00000000e+00 7.40484074e-02 3.90386544e-02 0.00000000e+00
 9.24623385e-02 1.49810743e-02 1.00690588e-01 6.17126599e-02
 2.68825721e-02 0.00000000e+00 2.43121684e-02 0.00000000e+00]"
